2146880090
2144034797
2142420179
2142266132
2141578785
2140635681
2139617783
2134318291
2133419205
2129920195
2125473246
2125300381
2125023160
2123013424
2121945213
2108526198
2100803752
2100492019
2094687091
2093789584
2093633623
2092502695
2091351862
2088758418
2083979231
2082303027
2080032333
2077187171
2076770653
2075657938
2073809779
2071886372
2066798554
2062849540
2061700585
2057237154
2056359743
2056319227
2055561257
2054194518
2052651217
2052170010
2046394819
2046020786
2045062724
2038489896
2037046731
2036565753
2036400858
2035620792
2033177445
2033081000
2030391844
2028364556
2028286730
2026403382
2022365477
2018006640
2015216278
2011968470
2011721879
2009646665
2005450830
1999545967
1998143531
1997580250
1997457684
1995429930
1994415848
1993925864
1992755790
1992053729
1990747283
1988024973
1983736570
1982975108
1981465826
1976657316
1970728598
1969918279
1969511970
1967540625
1961456297
1961127470
1959054890
1959040280
1957030989
1956305884
1956079267
1956064001
1954539768
1952923238
1951711861
1950731398
1949158884
1943919121
1943707783
1940644716
1935322854
1935094922
1934092940
1929627363
1929497241
1928811102
1923285816
1918051000
1916560431
1916410714
1915884909
1915116096
1915029809
1914777846
1911901979
1907517709
1906415829
1906317890
1903771587
1903410036
1902010215
1900652288
1900254923
1899714928
1897977683
1897290100
1896491421
1892342920
1892139105
1892023598
1890796640
1888844859
1887487921
1887020768
1885259531
1881351888
1880448487
1878369796
1877602981
1875211032
1873637730
1870453006
1861345602
1855653870
1853636794
1853255690
1847389746
1846742760
1846501407
1846283465
1846123811
1844875690
1842447054
1841565662
1839490329
1837794990
1837147734
1835381683
1834634928
1833803911
1832248533
1831137638
1826413951
1817532327
1816349835
1815139632
1814234428
1813569442
1811888467
1807441258
1806667414
1804580164
1803695056
1803410185
1803238084
1799272783
1796984004
1789921996
1789644676
1781483923
1781185693
1779653975
1779410581
1776026232
1775752369
1775309679
1774319235
1772827539
1770517055
1766433004
1765418615
1765391604
1763921933
1762786273
1762085814
1761650750
1756014114
1754303922
1752857687
1752150350
1750653953
1742718899
1738553138
1736754071
1736740470
1736444877
1735253891
1731319057
1728700725
1726085496
1723751628
1722326479
1718510331
1714440811
1708014901
1705648736
1703625008
1698224419
1696965032
1695268009
1692320523
1691821716
1690483327
1690468241
1689388759
1686950982
1685194362
1683889084
1683606646
1683401153
1681640129
1680344758
1675312966
1666575571
1662132506
1660096461
1658990284
1656694511
1655946187
1655423602
1648798826
1646938315
1644348670
1642267993
1641075711
1641017620
1638874554
1632575647
1629876426
1626587940
1623212062
1621824743
1621462941
1620903381
1619703418
1615303083
1612390994
1610422757
1608822511
1608636849
1606993902
1605830530
1605263326
1603266516
1602857840
1599492123
1597577073
1593479332
1591342533
1590019477
1583548347
1583393008
1578715757
1578697711
1577550345
1577035054
1576148917
1571860382
1567683751
1566906862
1563994517
1563143478
1558756662
1557633885
1556811444
1551584412
1548897151
1546209936
1538604507
1537508404
1537229745
1536361580
1530487075
1530199426
1525946595
1521404549
1521160485
1519502401
1516744880
1515565473
1513454491
1512587201
1511540613
1510862652
1508064010
1507114645
1506677170
1506641172
1505979025
1505180521
1503149097
1503131589
1497250172
1493535373
1492509986
1487328428
1483251505
1482685388
1477561269
1475164800
1474638643
1470587402
1469931075
1468268788
1465523933
1461489999
1460791117
1452821445
1451900485
1447603929
1447066566
1442900852
1436589848
1434921874
1431322886
1430576386
1429577508
1429255907
1428073907
1427703712
1423641387
1423492349
1420934138
1418907114
1409235868
1405407940
1404178982
1403311805
1403245703
1402154768
1397639639
1396092261
1395430046
1394807373
1390395485
1387249580
1384548260
1384167984
1384161945
1383641777
1382397956
1381637069
1380372701
1374979658
1372637059
1363447811
1361806879
1361325839
1360452976
1359629821
1359453803
1352314690
1352232762
1350224274
1345998422
1343169870
1341783387
1336560687
1336140835
1335827845
1326156186
1319395335
1316211710
1312585019
1311727209
1309579821
1308744602
1305232887
1303798475
1301758623
1301541614
1300674737
1298441499
1296898352
1290424363
1284177983
1282421008
1282374074
1281783698
1278398660
1277523790
1275753047
1274104286
1273617419
1273334679
1271398885
1269472144
1268077799
1267129772
1266342000
1264943611
1262651769
1262490767
1258221143
1255965357
1254692375
1252731118
1251353951
1251128636
1250240700
1248981854
1248247106
1246792476
1246541732
1243039905
1242044860
1241942183
1240515877
1238176658
1238069249
1235537906
1228823081
1227905840
1227225338
1226333953
1225311545
1224395483
1223762430
1223645138
1221718619
1218421612
1216370330
1215573208
1213023681
1208015873
1204506687
1201947535
1198397507
1198246548
1197158089
1197156271
1195123364
1190888853
1187125482
1186750059
1185948015
1185438033
1184649030
1183574011
1178268859
1176850404
1176572418
1175560240
1175541841
1174425425
1174272026
1170063719
1168531908
1166535804
1164506799
1163725410
1159929685
1159868317
1158520258
1152569773
1142000277
1137931092
1135962855
1134551450
1133054013
1119298857
1116101812
1112584296
1112403777
1111026554
1106081525
1103797899
1103716131
1100786376
1098251048
1093870268
1090149142
1089646642
1087972687
1084546771
1083813666
1076585828
1075330104
1072323205
1069696086
1066879983
1066110984
1064842258
1064086228
1060592865
1060328227
1057218997
1056916664
1054908689
1053090667
1051340092
1044382514
1043306404
1039978109
1039916382
1038830624
1036705968
1033531915
1032589891
1032576060
1030651179
1029364298
1023016190
1015743763
1015423044
1014509083
1007227386
1006905059
1003873050
1003124177
998661606
996739999
993846387
988721697
987168258
984821060
983278747
982875685
982675189
979141389
977837772
976586943
974363001
974231987
971141497
969295873
963621217
962084233
961114254
960583200
959826249
959605997
949430114
949089115
947520880
946492528
945491017
943350808
940465067
937335157
937328361
937192037
936820316
935927785
929907047
928929075
928089297
927245712
926452889
926356623
922789879
917816354
915557367
913591571
905372609
904641852
901632936
900948318
900290323
897724384
897644200
890003560
884787823
883358198
881332283
875140847
873448445
871324685
871191646
866658971
865521053
864893126
862373493
862313072
861265255
857645278
854917903
854627465
854367113
852115596
850303183
850176901
849573343
849116011
848248630
842495931
841995163
838003351
835805753
834418121
834345375
830180128
827880044
820415266
818933082
816953870
815522530
815412689
814581968
814230587
813817857
812490394
812116596
809826371
808714024
806672794
805310316
803975926
801223839
800308902
800012170
798607719
798229160
797443934
794707144
790685912
789770080
788882325
788684113
787663442
787231431
781688399
778747837
777490153
775797188
775270538
775001007
772594165
770735290
769783120
767165093
763262071
760338801
757135079
754943558
752276409
751830246
748071215
747850508
744228165
740907836
734800366
732463745
731107659
731044851
727648709
726892322
725993591
725848065
722616052
721148315
720279283
718754150
718084991
716380339
715419594
709349701
708549332
706371430
703598825
700804282
693837405
689444440
687948665
687890758
687002974
685928907
685648110
684998711
682895927
678203308
673718635
672103801
670039628
664237936
663258281
657934619
651199718
646437027
644553872
643379666
642883059
641865646
637463042
637068036
636615741
634656485
626382013
626043332
623495114
623422926
623140579
616789420
616187062
615556674
614486588
611621907
610786183
602658161
599741733
598661220
595854791
594145879
593419332
591688588
588490411
584561255
577052853
575760712
574098737
571462403
570771403
569567078
569044265
568489419
568193815
566357635
564987181
564913382
564556376
560056637
557771882
556870514
556427417
550844370
548446612
546922445
544670461
543476619
542001859
539867087
538553008
528830104
523905956
520510991
519034818
518185897
518024053
516485863
514405662
512678955
512574547
508701143
507971121
507116006
503215977
500821152
498278871
492685603
492489610
484562023
483712249
482934316
482825541
482105787
481838475
477572089
475259336
474459902
473237154
471521938
469496834
468510907
467147168
463052186
462577257
460456278
456829179
456471019
452499889
448996897
448550523
443157968
440931459
439926475
438137168
434200469
430102103
428794607
427190224
426958427
425652383
424430005
422092523
420631523
418493916
418384864
417140521
415176410
414087982
413782075
413235371
412167985
407314478
406653640
403837968
398553122
396682805
395955064
392603184
391884446
390257237
390236189
389944660
389599399
389505792
385741311
383804459
382184244
375336277
374719614
373879993
371217258
370541729
370348172
370118625
368032660
366511002
363971458
363143884
361388937
357235414
356848676
356720304
355093794
353445254
352206217
348403116
348208487
329994821
328784576
328340130
324571668
322080447
321050110
318799519
315572165
315436253
313270165
307785773
306776537
306669675
303078443
301460974
301132189
299326414
292479318
286846844
278032546
277993213
277472856
275718909
271785030
270660432
268993890
265315399
263823983
262667114
260247697
258505347
257121122
255849280
255738325
255608851
255462454
251721730
250189063
245919041
245868473
245742763
244186402
242334696
242167707
241866498
241398012
235705591
235288652
233418297
233010358
229524689
227378542
223857676
222687590
222604048
219451864
213169109
212079597
205054465
200418090
197943933
197078688
195621524
195018922
191799668
190524158
182863327
181660260
180845134
165329612
162787449
162560775
160282312
154362991
152745397
151592810
150360786
149886101
147375898
146183625
144474738
140479386
139399207
136288967
134119009
125424065
123697452
123123611
122931934
121515219
119890635
117720762
113417113
111757615
108802256
108158002
107275620
105587829
105522214
105487752
103713269
100023881
99069864
98728000
94126300
90559803
85991982
82106030
80838762
80748806
76275988
76050011
74705324
71719297
66003744
64368804
60823931
60750634
59325249
57925622
57527364
57301783
52753715
47464540
46848852
45787646
45324673
44317189
43545011
43315757
38863323
35387033
35164142
35161726
34359307
34020137
32750723
31751175
28212626
22546595
22295772
20206757
19716362
18272959
15050919
13463138
12065619
11428667
8624048
7945959
6173909
4558149
2491221
